EGYPT
1745 1746 1747 1748 1749 1750 1751 1752 1753 1754 1755 1756 1757 1758 1759 1760 1761 1762 1763 1764 1765 1766 1767 1768 1769 1770 1771 1772
2559

FRENCH PART OF LIBYA
1741 1742 1743 1744

BRITISH PART OF LIBYA
1731 1732 1733 1734 1735 1736 1736 1738 1739 1740
2585

ETHIOPIA
1852 1853 1854 1855 1856 1857 1858 1859 1860 1861 1862 1863 1864 1865 1866 1867

FRENCH DJIBUTI
1875

BRITISH GAMBIA
1785

PORTUGESE GUINEA
1877 1878

LIBERIA
1887 1888 1889 1890 1891

BRITISH SIERRE LEONE
1884 1885 1886

BRITISH GOLD COAST
1907 1908 1909 1910 1911 1912 1913

BRITISH NIGERIA
1923 1924 1925 1926 1927 1928 1929 1930 1931 1932 1933 1934 1935 1936 1937 1938 1939 1940 1941 1942 1943 1944 1945 1946 1947 1948 1949 1950 1951 1952 1953
1957
1961

SPANISH GUINEA
1955
1973

PORTUGESE SAO TOME
1954

BELGIAN CONGO
1982 1983 1984 1985 1986 1987 1988 1989 1990 1991 1992 1993 1994 1995 1996 1997 1998
2034 2035

PORTUGESE ANGOLA
1999 2000 2001 2002 2003 2004 2005 2006 2007 2008 2009 2010 2011

SPANISH WEST SAHARA
1695 1696
1773 1774
2136

BRITISH AFRICA
1833 1834 1835 1836 1837
1841 1842 1843 1844 1845 1846 1847 1848 1849 1850 1851
1868 1869 1870 1871 1872 1873 1874
2016 2017 2018 2019 2020 2021 2022 2023
2024 2025
2029 2030 2031 2032 2033
2036 2037 2038 2039 2040 2041 2042 2043 2044 2045 2046 2047 2048
2066 2067
2074 2075 2076 2077
2564
2574

790
1827 1828 1829 1830 1831 1832
1838 1839 1840
2012 2013 2014 2015
2026 2027 2028
2030 2031 2032
2069 2070 2071 2072 2073
2635

PORTUGESE MOZAMBIQUE
2049 2050 2051 2052 2053 2054 2055 2056 2057 2058 2059 2060 2061
2063 2064 2065
2581 

BRITISH LESOTHO/SWAZILAND
2104 2114

SOUTH AFRICA
2078 2079 2080 2081 2082 2083 2084 2085 2086 2087 2088 2089 2090 2091
2093 2094 2095 2096 2097 2098 2099 2100 2101 2102 2103
2105 2106 2107 2108 2109 2110 2111 2112 2113
2558