AFGHANISTAN
1209 1210 1211 1212 1213 1214 1215 1216 1217

PAKISTAN
1218 1219 1220 1221 1222 1223
1227 1228 1129 1230 1231 1232
1288 1289 1290

NEPAL
1326 1327

PAKISTAN ALSO
1251 1253 1254 1255 1256 1257

BHUTAN
1329

PORTUGESE GOA
1303

BRITISH CEYLON
1321 1322 1323 1324

INDIA
1247 1248 1249 1250
1258 1259 1260 1261 1262 1263
1265 1266 1267 1268 1269 1270 1271 1272 1273 1274 1275 1276 1277 1278 1279 1280 1281 1282 1283 1284 1285 1286 1287
1291 1292 1293 1294 1295 1296 1297 1298 1299 1300 1301 1302
1304 1305 1306 1307 1308 1309 1310 1311 1312 1313 1314 1315 1316 1317 1318 1319
1328
2566

1233 1234 1235 1236 1237 1238 1239 1240 1241 1242 1243 1244 1245 1246