TURKEY
828 
858 859 860 861
864 865
869 870 871 872 873 874 875 876 877 878 879
882
884 885 886 887 888 889
890 891 892 893 894 895
896
898 899 900
1096

862 863
866 867 868
880 881
883

BRITISH CYPRUS
855 856 857

IRAN
1109 1110 1111 1112 1113 1114 1115 1116 1117 1118 1119 1120 1121 1122 1123 1124 112 1126 1127 1128 1129 1130 1131 1132 1133 1134 1135 1136 1137 1138 1139 1140 1141 1142 1143 1144 1145 1146 1147 1148 1149 1150

BRITISH KUWAIT
935

IRAQ
923 924 925 926 927 928 929 930 931 932 933 934

LEBANON
912 913 914 915

SYRIA
897
901 902 903 904 905 906 907

JORDAN
908 909 910 911
922

BRITISH PALESTINE
916 917 918 919 920 921